0.020078
0.021051
0.023801
0.024598
0.027024
0.029291
0.034220
0.036620
0.042617
0.047452
0.049064
0.055711
0.058386
0.068307
0.074373
0.076974
0.083572
0.090158
0.094590
0.100553
0.102344
0.109538
0.114466
0.122124
0.131270
0.135291
0.143573
0.150482
0.151782
0.157805
0.160653
0.165342
0.176076
0.175890
0.184463
0.186417
0.182227
0.190985
0.184591
0.193089
0.198337
0.193286
0.203525
0.200555
0.201798
0.203909
0.211421
0.216754
0.218385
0.217365
0.218383
0.222536
0.230217
0.220459
0.231400
0.238660
0.239292
0.235691
0.237121
0.240485
0.241448
